-0.587 2.199
0.147 1.973
0.169 1.967
-0.778 2.258
0.308 1.924
1.321 1.613
-0.473 2.164
0.606 1.832
0.033 2.009
-0.505 2.174
-0.597 2.202
-0.002 2.019
1.32 1.613
-1.148 2.372
-1.288 2.415
-0.92 2.302
-0.878 2.289
0.059 2.0
0.65 1.819
0.855 1.756
-1.1 2.357
0.211 1.954
0.04 2.007
-0.583 2.198
-0.762 2.253
-0.526 2.18
-1.462 2.468
0.857 1.755
-0.918 2.301
-0.52 2.179
0.429 1.887
0.672 1.812
-0.003 2.02
-0.856 2.282
-0.456 2.159
-1.726 2.549
-2.44 2.769
0.471 1.874
-1.416 2.454
0.302 1.926
0.47 1.874
1.41 1.585
1.292 1.622
1.172 1.658
1.994 1.406
-1.097 2.356
0.187 1.961
1.539 1.545
-2.063 2.653
0.947 1.728
